                 0#W 1#T 2#D 4#A 5#C 3#G 6#E 7#P 8#G 9#K 11# 10# 12# 13# 14# 15# 16# 17# 18# 19# 22# 20# 21# 23# 24# 25#
0#WHOSE19            970 999 999 999 999 999 999100010001000100010001000100010001000100010001000100010001000100010001000
1#TITO14          29     905 998 999 999 999 999 999 9991000100010001000100010001000100010001000100010001000100010001000
2#DEEPFIRE19       0  94     956 985 998 999 999 999 999 999100010001000100010001000100010001000100010001000100010001000
4#ARBILLO          0   1  43     689 888 987 998 999 999 999100010001000100010001000100010001000100010001000100010001000
5#CARBON17         0   0  14 310     765 960 994 999 999 999 99910001000100010001000100010001000100010001000100010001000
3#GOFIVE           0   0   1 111 234     846 964 998 999 999 999 9991000100010001000100010001000100010001000100010001000
6#EGO21            0   0   0  12  39 153     790 975 988 999 999 9991000100010001000100010001000100010001000100010001000
7#PELA23           0   0   0   1   5  35 209     877 927 999 999 999 999100010001000100010001000100010001000100010001000
8#GMOTOR11         0   0   0   0   0   1  24 122     615 997 999 999 999 999 9991000100010001000100010001000100010001000
9#KANEC09          0   0   0   0   0   0  11  72 384     994 999 999 999 999 9991000100010001000100010001000100010001000
11#CHIS17          0   0   0   0   0   0   0   0   2   5     956 995 999 999 999 999 999 999 999100010001000100010001000
10#SQUIRREL24      0   0   0   0   0   0   0   0   0   0  43     852 998 999 999 999 999 999 999100010001000100010001000
12#ZETOR17         0   0   0   0   0   0   0   0   0   0   4 147     960 998 999 999 999 999 999 99910001000100010001000
13#EULRING         0   0   0   0   0   0   0   0   0   0   0   1  39     870 981 999 999 999 999 999 999 999100010001000
14#PECUCHET        0   0   0   0   0   0   0   0   0   0   0   0   1 129     848 996 999 999 999 999 999 999100010001000
15#MONKEY          0   0   0   0   0   0   0   0   0   0   0   0   0  18 151     955 986 999 999 999 999 999100010001000
16#DJALL18         0   0   0   0   0   0   0   0   0   0   0   0   0   0   3  44     705 943 978 997 999 999 99910001000
17#IMRO15          0   0   0   0   0   0   0   0   0   0   0   0   0   0   0  13 294     858 942 995 999 999 99910001000
18#FASTGOMOKU14    0   0   0   0   0   0   0   0   0   0   0   0   0   0   0   0  56 141     711 950 999 999 99910001000
19#PISQ7           0   0   0   0   0   0   0   0   0   0   0   0   0   0   0   0  21  57 288     867 996 999 99910001000
22#STAHLFAUST      0   0   0   0   0   0   0   0   0   0   0   0   0   0   0   0   2   4  49 132     927 989 999 999 999
20#DDQKCONQUER     0   0   0   0   0   0   0   0   0   0   0   0   0   0   0   0   0   0   0   3  72     814 999 999 999
21#LIGHTBLUE       0   0   0   0   0   0   0   0   0   0   0   0   0   0   0   0   0   0   0   0  10 185     998 999 999
23#CRUSHER         0   0   0   0   0   0   0   0   0   0   0   0   0   0   0   0   0   0   0   0   0   0   1     999 999
24#PROLOG          0   0   0   0   0   0   0   0   0   0   0   0   0   0   0   0   0   0   0   0   0   0   0   0     994
25#WHATATEAM       0   0   0   0   0   0   0   0   0   0   0   0   0   0   0   0   0   0   0   0   0   0   0   0   5    
