                    0#R 6#J 1#A 3#E 2#Y 4#W 5#S 7#H 8#W 10# 9#T 11#
0#RAPFI24               999 999 99910001000100010001000100010001000
6#JAX24               0     657 999 9991000100010001000100010001000
1#ALPHAGOMOKU.MK24    0 342     997 9991000100010001000100010001000
3#EMBRYO24            0   0   2     9911000100010001000100010001000
2#YIXIN18             0   0   0   8     999 999 999 999100010001000
4#WINE18              0   0   0   0   0     773 912 926 970 979 999
5#SLOWRENJU20         0   0   0   0   0 226     730 762 877 905 999
7#HEWER18             0   0   0   0   0  87 269     539 703 758 993
8#WHOSE19             0   0   0   0   0  73 237 460     668 725 991
10#DEEPFIRE19         0   0   0   0   0  29 122 296 331     566 976
9#TITO14              0   0   0   0   0  20  94 241 274 433     965
11#ARBILLO            0   0   0   0   0   0   0   6   8  23  34    
