(0, 1, 0)	1	0	898450	913290	56	55
(1, 0, 0)	2	0	834451	524099	26	26
(0, 2, 0)	1	0	925185	658928	36	35
(2, 0, 0)	2	0	406181	594815	25	25
(0, 3, 0)	1	0	779058	858453	37	36
(3, 0, 0)	2	0	835312	724627	39	39
(0, 4, 0)	1	0	539632	784329	27	26
(4, 0, 0)	2	0	571107	443184	24	24
(0, 5, 0)	1	0	513599	610055	26	25
(5, 0, 0)	2	0	577730	509595	24	24
(0, 6, 0)	1	0	406449	370808	14	13
(6, 0, 0)	2	0	305851	401293	19	19
(0, 7, 0)	1	0	583822	407594	30	29
(7, 0, 0)	2	0	232032	405681	21	21
(0, 8, 0)	1	0	393404	312775	20	19
(8, 0, 0)	2	0	633730	775267	34	34
(0, 9, 0)	1	0	756533	466035	36	35
(9, 0, 0)	2	0	221812	383334	19	19
(0, 10, 0)	1	0	525751	761962	28	27
(10, 0, 0)	2	0	632137	450012	25	25
(0, 11, 0)	1	0	428748	529376	25	24
(11, 0, 0)	2	0	765622	395569	23	23
(1, 2, 0)	2	0	854405	457222	34	34
(2, 1, 0)	2	0	683530	830859	29	29
(1, 3, 0)	2	0	829374	273669	32	32
(3, 1, 0)	2	0	868765	807107	47	47
(1, 4, 0)	1	0	820992	752410	31	30
(4, 1, 0)	2	0	746976	747510	30	30
(1, 5, 0)	1	0	670556	756138	29	28
(5, 1, 0)	2	0	802819	858308	33	33
(1, 6, 0)	1	0	634937	642702	33	32
(6, 1, 0)	0	0	973073	941814	106	106
(1, 7, 0)	1	0	787816	359049	31	30
(7, 1, 0)	2	0	554217	950887	48	48
(1, 8, 0)	1	0	775139	540408	26	25
(8, 1, 0)	2	0	491168	721298	27	27
(1, 9, 0)	1	0	788163	345098	45	44
(9, 1, 0)	2	0	356837	842535	42	42
(1, 10, 0)	1	0	804656	876494	31	30
(10, 1, 0)	2	0	686117	620799	24	24
(1, 11, 0)	1	0	857631	892621	44	43
(11, 1, 0)	2	0	895399	835444	35	35
(2, 3, 0)	2	0	469224	311692	27	27
(3, 2, 0)	1	0	703067	667212	36	35
(2, 4, 0)	1	0	456009	756833	32	31
(4, 2, 0)	2	0	625560	222522	27	27
(2, 5, 0)	1	0	254164	432000	25	24
(5, 2, 0)	2	0	414882	182341	17	17
(2, 6, 0)	2	0	560293	588542	30	30
(6, 2, 0)	1	0	634673	765373	40	39
(2, 7, 0)	1	0	69813	150413	26	25
(7, 2, 0)	2	0	484092	418126	29	29
(2, 8, 0)	1	0	369218	488207	27	26
(8, 2, 0)	2	0	382810	126210	24	24
(2, 9, 0)	1	0	234389	206525	35	34
(9, 2, 0)	2	0	144899	405185	37	37
(2, 10, 0)	1	0	224880	406549	25	24
(10, 2, 0)	2	0	784839	396683	30	30
(2, 11, 0)	1	0	156393	534951	25	24
(11, 2, 0)	2	0	630107	438501	32	32
(3, 4, 0)	1	0	268589	585649	19	18
(4, 3, 0)	2	0	712687	434230	30	30
(3, 5, 0)	1	0	474167	633127	22	21
(5, 3, 0)	2	0	600526	298416	25	25
(3, 6, 0)	2	0	822963	523496	41	41
(6, 3, 0)	1	0	315812	712040	44	43
(3, 7, 0)	1	0	508238	429749	32	31
(7, 3, 0)	2	0	256845	169682	25	25
(3, 8, 0)	1	0	520011	503355	28	27
(8, 3, 0)	2	0	436394	150902	22	22
(3, 9, 0)	1	0	474715	242963	35	34
(9, 3, 0)	2	0	132504	423473	44	44
(3, 10, 0)	1	0	514057	789894	29	28
(10, 3, 0)	2	0	795998	451895	36	36
(3, 11, 0)	1	0	466394	792223	30	29
(11, 3, 0)	2	0	385317	146843	22	22
(4, 5, 0)	1	0	706685	723236	38	37
(5, 4, 0)	2	0	687109	855213	31	31
(4, 6, 0)	2	0	706208	353292	31	31
(6, 4, 0)	1	0	584278	906358	42	41
(4, 7, 0)	1	0	387255	330284	25	24
(7, 4, 0)	1	0	574584	937401	53	52
(4, 8, 0)	1	0	483158	394931	28	27
(8, 4, 0)	1	0	556763	757212	29	28
(4, 9, 0)	1	0	500161	163276	15	14
(9, 4, 0)	2	0	650256	890304	55	55
(4, 10, 0)	1	0	331625	378696	23	22
(10, 4, 0)	2	0	979213	936541	61	61
(4, 11, 0)	1	0	867117	962827	42	41
(11, 4, 0)	2	0	616715	574757	25	25
(5, 6, 0)	2	0	781906	569115	37	37
(6, 5, 0)	1	0	470057	885808	44	43
(5, 7, 0)	1	0	207613	232511	16	15
(7, 5, 0)	0	0	930267	998926	106	106
(5, 8, 0)	1	0	683232	739025	39	38
(8, 5, 0)	2	0	530673	438367	25	25
(5, 9, 0)	1	0	754465	219864	32	31
(9, 5, 0)	1	0	181870	775994	37	36
(5, 10, 0)	1	0	414531	383106	24	23
(10, 5, 0)	1	0	812099	586546	26	25
(5, 11, 0)	1	0	527793	901491	33	32
(11, 5, 0)	2	0	820215	386620	29	29
(6, 7, 0)	1	0	458948	644760	47	46
(7, 6, 0)	2	0	340823	237859	37	37
(6, 8, 0)	1	0	319074	543631	29	28
(8, 6, 0)	2	0	654315	289223	32	32
(6, 9, 0)	1	0	306011	613154	32	31
(9, 6, 0)	2	0	423206	385914	45	45
(6, 10, 0)	1	0	293713	953891	44	43
(10, 6, 0)	2	0	903597	451510	42	42
(6, 11, 0)	1	0	346631	844882	36	35
(11, 6, 0)	2	0	865434	263452	38	38
(7, 8, 0)	2	0	587925	702141	42	42
(8, 7, 0)	1	0	205203	148886	21	20
(7, 9, 0)	2	0	503925	498014	32	32
(9, 7, 0)	2	0	89669	139477	15	15
(7, 10, 0)	2	0	116531	197322	17	17
(10, 7, 0)	1	0	359402	159613	21	20
(7, 11, 0)	1	0	495672	937282	42	41
(11, 7, 0)	1	0	481906	289498	24	23
(8, 9, 0)	1	0	346942	146707	17	16
(9, 8, 0)	1	0	122395	458607	30	29
(8, 10, 0)	1	0	778025	958134	57	56
(10, 8, 0)	1	0	748016	636055	35	34
(8, 11, 0)	1	0	507035	892485	32	31
(11, 8, 0)	2	0	918774	512406	33	33
(9, 10, 0)	1	0	73371	390319	21	20
(10, 9, 0)	2	0	792123	230264	31	31
(9, 11, 0)	2	0	140748	668852	24	24
(11, 9, 0)	2	0	970083	196083	38	38
(10, 11, 0)	1	0	913452	979796	49	48
(11, 10, 0)	2	0	922944	888818	35	35
(0, 1, 1)	1	0	539641	714745	28	27
(1, 0, 1)	2	0	907333	639230	33	33
(0, 2, 1)	1	0	341918	151352	20	19
(2, 0, 1)	2	0	620835	719462	31	31
(0, 3, 1)	1	0	778816	858496	40	39
(3, 0, 1)	2	0	744083	880212	41	41
(0, 4, 1)	1	0	366598	533854	21	20
(4, 0, 1)	2	0	638603	579029	23	23
(0, 5, 1)	1	0	696250	733093	25	24
(5, 0, 1)	2	0	670598	428345	20	20
(0, 6, 1)	1	0	669460	519822	33	32
(6, 0, 1)	2	0	281008	494182	16	16
(0, 7, 1)	1	0	854252	577426	42	41
(7, 0, 1)	2	0	406921	654583	28	28
(0, 8, 1)	1	0	569435	466261	30	29
(8, 0, 1)	2	0	544601	568245	31	31
(0, 9, 1)	1	0	895507	462198	37	36
(9, 0, 1)	2	0	108147	668158	29	29
(0, 10, 1)	1	0	489081	756214	27	26
(10, 0, 1)	2	0	740366	690002	26	26
(0, 11, 1)	1	0	489064	818647	27	26
(11, 0, 1)	2	0	860724	507560	24	24
(1, 2, 1)	1	0	720460	362859	31	30
(2, 1, 1)	2	0	707975	842596	37	37
(1, 3, 1)	1	0	938924	858629	46	45
(3, 1, 1)	2	0	798660	967997	47	47
(1, 4, 1)	1	0	769700	726833	25	24
(4, 1, 1)	2	0	764688	704847	30	30
(1, 5, 1)	1	0	892224	826541	30	29
(5, 1, 1)	2	0	626348	759671	24	24
(1, 6, 1)	2	0	927965	509686	41	41
(6, 1, 1)	0	0	986558	957382	111	110
(1, 7, 1)	1	0	828779	414445	35	34
(7, 1, 1)	2	0	393975	742702	23	23
(1, 8, 1)	1	0	924432	586688	32	31
(8, 1, 1)	2	0	583051	731473	32	32
(1, 9, 1)	1	0	816195	292030	36	35
(9, 1, 1)	2	0	40696	610218	23	23
(1, 10, 1)	1	0	890284	887466	32	31
(10, 1, 1)	2	0	705254	687241	24	24
(1, 11, 1)	1	0	773148	703449	25	24
(11, 1, 1)	2	0	659170	819892	28	28
(2, 3, 1)	2	0	443336	254842	28	28
(3, 2, 1)	1	0	184903	148239	20	19
(2, 4, 1)	1	0	371714	759820	27	26
(4, 2, 1)	2	0	676111	362252	17	17
(2, 5, 1)	1	0	694729	808810	43	42
(5, 2, 1)	1	0	849142	820975	47	46
(2, 6, 1)	2	0	833387	836030	50	50
(6, 2, 1)	1	0	569122	751623	45	44
(2, 7, 1)	1	0	321816	308144	26	25
(7, 2, 1)	2	0	373846	224246	27	27
(2, 8, 1)	1	0	354257	464933	32	31
(8, 2, 1)	2	0	486550	434734	26	26
(2, 9, 1)	1	0	381439	184392	36	35
(9, 2, 1)	1	0	54361	149076	20	19
(2, 10, 1)	1	0	251627	683668	24	23
(10, 2, 1)	2	0	756256	361752	25	25
(2, 11, 1)	1	0	389570	795593	33	32
(11, 2, 1)	2	0	807450	135545	24	24
(3, 4, 1)	1	0	339985	799607	27	26
(4, 3, 1)	2	0	531830	239022	18	18
(3, 5, 1)	1	0	304449	634417	22	21
(5, 3, 1)	2	0	568083	217904	24	24
(3, 6, 1)	2	0	900893	705258	51	51
(6, 3, 1)	1	0	422113	881237	46	45
(3, 7, 1)	1	0	415877	507046	31	30
(7, 3, 1)	2	0	571716	418008	34	34
(3, 8, 1)	1	0	396652	663645	31	30
(8, 3, 1)	2	0	323105	184683	20	20
(3, 9, 1)	1	0	407298	94536	22	21
(9, 3, 1)	2	0	58903	341172	31	31
(3, 10, 1)	1	0	401051	823817	31	30
(10, 3, 1)	2	0	405370	123844	17	17
(3, 11, 1)	1	0	373684	831542	31	30
(11, 3, 1)	2	0	764610	262417	22	22
(4, 5, 1)	2	0	826817	783415	31	31
(5, 4, 1)	1	0	886850	846659	49	48
(4, 6, 1)	2	0	566097	252764	20	20
(6, 4, 1)	1	0	297159	670512	24	23
(4, 7, 1)	1	0	693147	475698	31	30
(7, 4, 1)	2	0	368029	625562	26	26
(4, 8, 1)	1	0	759731	653002	36	35
(8, 4, 1)	1	0	329350	456060	20	19
(4, 9, 1)	2	0	562776	87523	20	20
(9, 4, 1)	2	0	189839	683201	37	37
(4, 10, 1)	2	0	256431	224937	11	11
(10, 4, 1)	2	0	841112	643835	28	28
(4, 11, 1)	2	0	402348	345905	13	13
(11, 4, 1)	2	0	802839	527033	25	25
(5, 6, 1)	2	0	761417	614615	34	34
(6, 5, 1)	1	0	446339	748541	26	25
(5, 7, 1)	2	0	631988	336098	22	22
(7, 5, 1)	2	0	484386	735538	32	32
(5, 8, 1)	1	0	823171	755961	45	44
(8, 5, 1)	2	0	664393	719657	33	33
(5, 9, 1)	1	0	558671	108986	26	25
(9, 5, 1)	2	0	168015	798868	41	41
(5, 10, 1)	1	0	785099	922571	34	33
(10, 5, 1)	2	0	863408	688722	31	31
(5, 11, 1)	1	0	463733	827470	28	27
(11, 5, 1)	1	0	629709	539817	32	31
(6, 7, 1)	1	0	268494	373876	25	24
(7, 6, 1)	2	0	326681	340000	36	36
(6, 8, 1)	1	0	330971	735785	44	43
(8, 6, 1)	2	0	735717	285493	37	37
(6, 9, 1)	1	0	474218	302292	37	36
(9, 6, 1)	2	0	499820	546145	45	45
(6, 10, 1)	1	0	164594	856385	30	29
(10, 6, 1)	2	0	690814	418951	23	23
(6, 11, 1)	1	0	323268	958692	38	37
(11, 6, 1)	2	0	978865	283277	37	37
(7, 8, 1)	1	0	591617	712610	42	41
(8, 7, 1)	1	0	524581	383868	31	30
(7, 9, 1)	1	0	442793	72727	29	28
(9, 7, 1)	0	0	998657	908855	111	110
(7, 10, 1)	2	0	352717	748620	21	21
(10, 7, 1)	2	0	892098	450150	38	38
(7, 11, 1)	1	0	444817	771700	34	33
(11, 7, 1)	2	0	824916	391114	29	29
(8, 9, 1)	2	0	497848	66755	29	29
(9, 8, 1)	2	0	23472	235415	13	13
(8, 10, 1)	1	0	403544	674031	21	20
(10, 8, 1)	1	0	799049	478718	28	27
(8, 11, 1)	1	0	463379	807026	30	29
(11, 8, 1)	2	0	887529	523908	33	33
(9, 10, 1)	1	0	100135	677977	24	23
(10, 9, 1)	2	0	424125	32358	18	18
(9, 11, 1)	1	0	51928	686390	25	24
(11, 9, 1)	2	0	771845	111063	26	26
(10, 11, 1)	1	0	633040	287412	18	17
(11, 10, 1)	2	0	724882	489307	31	31
(0, 1, 2)	0	0	976995	952458	110	110
(1, 0, 2)	2	0	831599	655100	30	30
(0, 2, 2)	1	0	460493	389013	21	20
(2, 0, 2)	2	0	485803	761723	30	30
(0, 3, 2)	1	0	791806	821969	38	37
(3, 0, 2)	2	0	555530	858305	41	41
(0, 4, 2)	1	0	249186	280112	14	13
(4, 0, 2)	2	0	687266	541228	25	25
(0, 5, 2)	1	0	226997	267200	14	13
(5, 0, 2)	2	0	749570	532142	24	24
(0, 6, 2)	1	0	610291	583858	30	29
(6, 0, 2)	2	0	483531	585808	33	33
(0, 7, 2)	1	0	286393	225463	17	16
(7, 0, 2)	2	0	515243	584254	24	24
(0, 8, 2)	1	0	734840	697767	34	33
(8, 0, 2)	2	0	616028	620549	29	29
(0, 9, 2)	1	0	430631	192496	24	23
(9, 0, 2)	2	0	19313	392165	25	25
(0, 10, 2)	1	0	426339	619887	24	23
(10, 0, 2)	2	0	897781	739062	35	35
(0, 11, 2)	1	0	383690	427641	22	21
(11, 0, 2)	2	0	815111	587463	28	28
(1, 2, 2)	1	0	515573	349674	14	13
(2, 1, 2)	2	0	903681	977425	56	56
(1, 3, 2)	1	0	940818	755874	43	42
(3, 1, 2)	2	0	863287	873056	43	43
(1, 4, 2)	1	0	428092	359855	17	16
(4, 1, 2)	2	0	827142	767168	22	22
(1, 5, 2)	1	0	437321	286947	14	13
(5, 1, 2)	1	0	624650	673775	33	32
(1, 6, 2)	2	0	943289	541808	57	57
(6, 1, 2)	1	0	346847	706315	20	19
(1, 7, 2)	1	0	671790	229151	22	21
(7, 1, 2)	2	0	584674	918618	41	41
(1, 8, 2)	1	0	875556	668135	35	34
(8, 1, 2)	2	0	562006	862947	27	27
(1, 9, 2)	1	0	431787	8145	18	17
(9, 1, 2)	2	0	33507	492994	21	21
(1, 10, 2)	1	0	418346	449266	18	17
(10, 1, 2)	2	0	839233	813881	36	36
(1, 11, 2)	1	0	434155	377700	16	15
(11, 1, 2)	2	0	614180	715663	25	25
(2, 3, 2)	2	0	238646	153859	15	15
(3, 2, 2)	1	0	52507	192154	18	17
(2, 4, 2)	1	0	171281	337413	17	16
(4, 2, 2)	2	0	761640	377016	31	31
(2, 5, 2)	1	0	127236	317603	15	14
(5, 2, 2)	2	0	485518	346369	26	26
(2, 6, 2)	2	0	757427	574631	41	41
(6, 2, 2)	1	0	177461	191775	21	20
(2, 7, 2)	1	0	329306	381408	22	21
(7, 2, 2)	2	0	507074	336944	36	36
(2, 8, 2)	1	0	412607	488514	28	27
(8, 2, 2)	2	0	467075	238649	27	27
(2, 9, 2)	1	0	473919	141213	28	27
(9, 2, 2)	2	0	425846	505880	41	41
(2, 10, 2)	1	0	394707	864492	33	32
(10, 2, 2)	2	0	889050	495071	39	39
(2, 11, 2)	1	0	294449	736221	24	23
(11, 2, 2)	2	0	844897	383683	28	28
(3, 4, 2)	1	0	50648	349353	14	13
(4, 3, 2)	2	0	794449	272167	31	31
(3, 5, 2)	1	0	55505	241909	13	12
(5, 3, 2)	2	0	367570	97508	18	18
(3, 6, 2)	2	0	861061	548291	43	43
(6, 3, 2)	1	0	443461	901872	46	45
(3, 7, 2)	1	0	152132	249534	18	17
(7, 3, 2)	2	0	416017	166289	30	30
(3, 8, 2)	1	0	180596	353641	20	19
(8, 3, 2)	2	0	461230	222894	27	27
(3, 9, 2)	1	0	50881	8197	14	13
(9, 3, 2)	2	0	21316	115984	17	17
(3, 10, 2)	1	0	50892	442434	17	16
(10, 3, 2)	2	0	765527	280681	28	28
(3, 11, 2)	1	0	50854	419562	15	14
(11, 3, 2)	2	0	648296	277395	26	26
(4, 5, 2)	1	0	509703	285913	18	17
(5, 4, 2)	1	0	643947	646905	23	22
(4, 6, 2)	2	0	807818	214487	35	35
(6, 4, 2)	1	0	135495	280436	17	16
(4, 7, 2)	1	0	520348	236477	18	17
(7, 4, 2)	1	0	142597	369183	14	13
(4, 8, 2)	1	0	780254	690270	40	39
(8, 4, 2)	2	0	463598	459015	23	23
(4, 9, 2)	1	0	609377	60270	24	23
(9, 4, 2)	1	0	50717	374683	14	13
(4, 10, 2)	1	0	849521	877297	42	41
(10, 4, 2)	2	0	922677	901516	45	45
(4, 11, 2)	1	0	541374	479543	26	25
(11, 4, 2)	1	0	721238	759676	25	24
(5, 6, 2)	2	0	443863	236389	16	16
(6, 5, 2)	1	0	149762	273316	15	14
(5, 7, 2)	2	0	520032	218770	18	18
(7, 5, 2)	1	0	142903	260628	15	14
(5, 8, 2)	1	0	828008	701411	37	36
(8, 5, 2)	1	0	304153	384442	18	17
(5, 9, 2)	1	0	448133	39811	19	18
(9, 5, 2)	1	0	47843	239188	18	17
(5, 10, 2)	2	0	389817	578368	18	18
(10, 5, 2)	2	0	809552	655945	29	29
(5, 11, 2)	1	0	743567	886293	48	47
(11, 5, 2)	2	0	803162	488073	27	27
(6, 7, 2)	1	0	307114	293258	24	23
(7, 6, 2)	2	0	452043	154959	37	37
(6, 8, 2)	1	0	620396	763310	47	46
(8, 6, 2)	2	0	423018	212383	20	20
(6, 9, 2)	1	0	127372	9392	14	13
(9, 6, 2)	2	0	226147	250097	27	27
(6, 10, 2)	1	0	135747	469029	18	17
(10, 6, 2)	2	0	679112	311225	22	22
(6, 11, 2)	1	0	138158	364198	15	14
(11, 6, 2)	2	0	532000	358891	26	26
(7, 8, 2)	2	0	436933	482118	25	25
(8, 7, 2)	1	0	518882	420372	27	26
(7, 9, 2)	1	0	145566	8738	14	13
(9, 7, 2)	2	0	10622	97775	15	15
(7, 10, 2)	1	0	358250	624241	27	26
(10, 7, 2)	1	0	895640	622038	46	45
(7, 11, 2)	1	0	143240	369201	16	15
(11, 7, 2)	2	0	914437	311589	28	28
(8, 9, 2)	2	0	649381	45623	32	32
(9, 8, 2)	1	0	61559	376106	24	23
(8, 10, 2)	2	0	380684	530677	17	17
(10, 8, 2)	2	0	672802	421567	26	26
(8, 11, 2)	1	0	366776	414351	28	27
(11, 8, 2)	2	0	948848	564763	34	34
(9, 10, 2)	1	0	142586	722481	21	20
(10, 9, 2)	2	0	791748	163007	26	26
(9, 11, 2)	2	0	85869	766892	33	33
(11, 9, 2)	1	0	447363	27352	23	22
(10, 11, 2)	1	0	940597	888270	45	44
(11, 10, 2)	1	0	471146	665110	27	26
(0, 1, 3)	0	0	932075	952351	110	110
(1, 0, 3)	2	0	316126	210804	15	15
(0, 2, 3)	1	0	380077	136096	20	19
(2, 0, 3)	2	0	224697	487861	21	21
(0, 3, 3)	1	0	800817	898248	48	47
(3, 0, 3)	2	0	734962	761007	33	33
(0, 4, 3)	1	0	244995	185324	15	14
(4, 0, 3)	2	0	258153	174812	12	12
(0, 5, 3)	1	0	302638	314328	15	14
(5, 0, 3)	2	0	474532	384371	21	21
(0, 6, 3)	0	0	985692	922672	110	110
(6, 0, 3)	2	0	242293	341674	20	20
(0, 7, 3)	1	0	288543	220074	19	18
(7, 0, 3)	2	0	455241	601617	29	29
(0, 8, 3)	1	0	682476	701045	36	35
(8, 0, 3)	2	0	270490	353048	17	17
(0, 9, 3)	1	0	318712	12946	19	18
(9, 0, 3)	2	0	24907	205871	17	17
(0, 10, 3)	1	0	257755	431289	19	18
(10, 0, 3)	2	0	374750	193396	13	13
(0, 11, 3)	1	0	715476	942468	37	36
(11, 0, 3)	2	0	733622	481039	24	24
(1, 2, 3)	2	0	808846	695572	42	42
(2, 1, 3)	2	0	598127	824492	40	40
(1, 3, 3)	2	0	829903	515899	31	31
(3, 1, 3)	2	0	862763	967378	47	47
(1, 4, 3)	1	0	703721	340452	23	22
(4, 1, 3)	2	0	612420	647033	19	19
(1, 5, 3)	2	0	315423	101960	17	17
(5, 1, 3)	2	0	251490	343587	11	11
(1, 6, 3)	2	0	314421	57337	16	16
(6, 1, 3)	1	0	616469	775671	38	37
(1, 7, 3)	1	0	860192	576275	41	40
(7, 1, 3)	2	0	431839	834705	33	33
(1, 8, 3)	1	0	713293	222146	20	19
(8, 1, 3)	2	0	563185	815589	29	29
(1, 9, 3)	1	0	618358	6011	21	20
(9, 1, 3)	2	0	23921	450670	21	21
(1, 10, 3)	2	0	314053	373116	15	15
(10, 1, 3)	2	0	315318	527483	13	13
(1, 11, 3)	2	0	502749	462270	24	24
(11, 1, 3)	2	0	685541	849766	26	26
(2, 3, 3)	2	0	536611	412683	32	32
(3, 2, 3)	2	0	821385	750835	47	47
(2, 4, 3)	1	0	363077	581934	27	26
(4, 2, 3)	2	0	417317	28489	24	24
(2, 5, 3)	1	0	102723	380052	22	21
(5, 2, 3)	2	0	416660	190358	20	20
(2, 6, 3)	2	0	695809	585630	39	39
(6, 2, 3)	1	0	540180	514033	32	31
(2, 7, 3)	1	0	225814	478859	32	31
(7, 2, 3)	2	0	628298	560283	36	36
(2, 8, 3)	1	0	304231	412805	20	19
(8, 2, 3)	2	0	254451	80999	17	17
(2, 9, 3)	1	0	230259	37918	25	24
(9, 2, 3)	2	0	25483	158927	20	20
(2, 10, 3)	1	0	412174	768616	33	32
(10, 2, 3)	2	0	319232	109194	14	14
(2, 11, 3)	1	0	262878	836259	36	35
(11, 2, 3)	2	0	516372	165657	24	24
(3, 4, 3)	1	0	70798	115012	11	10
(4, 3, 3)	2	0	430625	50360	18	18
(3, 5, 3)	1	0	73032	175491	14	13
(5, 3, 3)	2	0	446113	172788	19	19
(3, 6, 3)	2	0	821690	610951	39	39
(6, 3, 3)	1	0	777320	936510	62	61
(3, 7, 3)	1	0	97909	63679	15	14
(7, 3, 3)	2	0	399732	235740	28	28
(3, 8, 3)	1	0	139958	317425	23	22
(8, 3, 3)	2	0	268241	70865	18	18
(3, 9, 3)	1	0	96603	8200	13	12
(9, 3, 3)	2	0	21566	40686	15	15
(3, 10, 3)	1	0	72178	320978	15	14
(10, 3, 3)	2	0	316406	38904	13	13
(3, 11, 3)	1	0	319365	730410	30	29
(11, 3, 3)	2	0	598875	174304	25	25
(4, 5, 3)	2	0	266141	150713	12	12
(5, 4, 3)	1	0	288258	163020	15	14
(4, 6, 3)	2	0	667169	341181	22	22
(6, 4, 3)	1	0	288106	325617	18	17
(4, 7, 3)	2	0	571425	247966	20	20
(7, 4, 3)	1	0	282301	368774	19	18
(4, 8, 3)	2	0	578673	480515	24	24
(8, 4, 3)	2	0	598970	686373	30	30
(4, 9, 3)	2	0	495519	13072	21	21
(9, 4, 3)	1	0	10834	65100	9	8
(4, 10, 3)	1	0	876216	955931	55	54
(10, 4, 3)	2	0	712888	600362	22	22
(4, 11, 3)	1	0	306259	374294	25	24
(11, 4, 3)	2	0	861323	604948	30	30
(5, 6, 3)	2	0	250190	86423	11	11
(6, 5, 3)	1	0	218877	357562	19	18
(5, 7, 3)	1	0	430736	264301	22	21
(7, 5, 3)	1	0	116939	324372	13	12
(5, 8, 3)	2	0	645833	583635	35	35
(8, 5, 3)	1	0	132282	203550	15	14
(5, 9, 3)	1	0	531504	32669	21	20
(9, 5, 3)	1	0	64125	768718	35	34
(5, 10, 3)	1	0	319952	610832	22	21
(10, 5, 3)	0	0	1000118	994257	110	110
(5, 11, 3)	2	0	427111	523458	18	18
(11, 5, 3)	1	0	106639	221160	9	8
(6, 7, 3)	1	0	453214	572893	39	38
(7, 6, 3)	2	0	455272	184665	30	30
(6, 8, 3)	1	0	254039	204212	20	19
(8, 6, 3)	2	0	639974	208740	35	35
(6, 9, 3)	1	0	369106	38498	26	25
(9, 6, 3)	2	0	171378	503271	33	33
(6, 10, 3)	1	0	209262	517472	20	19
(10, 6, 3)	2	0	370906	67301	13	13
(6, 11, 3)	2	0	282755	444078	23	23
(11, 6, 3)	2	0	648009	112502	29	29
(7, 8, 3)	2	0	509935	593745	40	40
(8, 7, 3)	2	0	266431	144715	18	18
(7, 9, 3)	1	0	77432	8369	13	12
(9, 7, 3)	1	0	139644	420861	32	31
(7, 10, 3)	1	0	150303	215275	15	14
(10, 7, 3)	2	0	505922	198267	18	18
(7, 11, 3)	1	0	76530	57133	18	17
(11, 7, 3)	2	0	532970	219906	22	22
(8, 9, 3)	2	0	498779	74974	26	26
(9, 8, 3)	1	0	186185	695790	36	35
(8, 10, 3)	1	0	81241	237463	15	14
(10, 8, 3)	1	0	785987	511184	29	28
(8, 11, 3)	2	0	564204	739570	28	28
(11, 8, 3)	2	0	813292	334645	28	28
(9, 10, 3)	1	0	105981	784401	27	26
(10, 9, 3)	1	0	750499	73440	27	26
(9, 11, 3)	2	0	17888	432480	19	19
(11, 9, 3)	2	0	562575	30237	22	22
(10, 11, 3)	1	0	499390	313238	16	15
(11, 10, 3)	1	0	280906	368156	16	15
(0, 1, 4)	1	0	751700	882454	34	33
(1, 0, 4)	2	0	814110	639536	28	28
(0, 2, 4)	1	0	264286	138971	16	15
(2, 0, 4)	2	0	322630	298018	15	15
(0, 3, 4)	1	0	864653	852914	44	43
(3, 0, 4)	2	0	753101	834458	32	32
(0, 4, 4)	1	0	129900	132904	10	9
(4, 0, 4)	2	0	722456	535033	26	26
(0, 5, 4)	1	0	156661	189395	11	10
(5, 0, 4)	2	0	626818	551954	26	26
(0, 6, 4)	1	0	448444	250097	17	16
(6, 0, 4)	2	0	491732	650278	28	28
(0, 7, 4)	1	0	192667	96663	13	12
(7, 0, 4)	2	0	543147	717661	32	32
(0, 8, 4)	1	0	173562	81882	13	12
(8, 0, 4)	2	0	529088	511959	26	26
(0, 9, 4)	1	0	388203	30396	20	19
(9, 0, 4)	2	0	210829	761480	34	34
(0, 10, 4)	1	0	239522	387129	16	15
(10, 0, 4)	2	0	785472	737271	28	28
(0, 11, 4)	1	0	273054	419504	17	16
(11, 0, 4)	2	0	635375	598732	30	30
(1, 2, 4)	1	0	178168	139348	16	15
(2, 1, 4)	2	0	531942	916875	27	27
(1, 3, 4)	1	0	773770	215565	27	26
(3, 1, 4)	2	0	769170	949312	42	42
(1, 4, 4)	1	0	247760	133634	18	17
(4, 1, 4)	2	0	710212	617523	23	23
(1, 5, 4)	1	0	424719	192025	13	12
(5, 1, 4)	2	0	724188	760875	37	37
(1, 6, 4)	0	0	962439	979242	110	110
(6, 1, 4)	2	0	342271	699731	27	27
(1, 7, 4)	1	0	195053	97289	15	14
(7, 1, 4)	2	0	525875	805995	36	36
(1, 8, 4)	1	0	234083	83289	15	14
(8, 1, 4)	2	0	326563	489589	16	16
(1, 9, 4)	1	0	781728	682792	40	39
(9, 1, 4)	2	0	337813	872452	36	36
(1, 10, 4)	1	0	250022	391107	17	16
(10, 1, 4)	2	0	825140	686433	28	28
(1, 11, 4)	1	0	456277	347439	17	16
(11, 1, 4)	2	0	687651	711115	40	40
(2, 3, 4)	2	0	343709	121555	14	14
(3, 2, 4)	1	0	117586	80731	18	17
(2, 4, 4)	1	0	366940	531787	23	22
(4, 2, 4)	2	0	643659	321259	28	28
(2, 5, 4)	2	0	236517	432160	19	19
(5, 2, 4)	2	0	542985	314213	21	21
(2, 6, 4)	2	0	538861	520112	31	31
(6, 2, 4)	1	0	173537	173168	14	13
(2, 7, 4)	1	0	283156	324743	26	25
(7, 2, 4)	2	0	545972	386717	34	34
(2, 8, 4)	1	0	395667	597600	30	29
(8, 2, 4)	2	0	562915	289969	38	38
(2, 9, 4)	1	0	429189	372074	41	40
(9, 2, 4)	1	0	15128	139037	16	15
(2, 10, 4)	1	0	498943	941735	38	37
(10, 2, 4)	2	0	784580	308752	29	29
(2, 11, 4)	1	0	277780	552553	23	22
(11, 2, 4)	2	0	695772	203960	30	30
(3, 4, 4)	1	0	112464	183625	17	16
(4, 3, 4)	2	0	577059	229036	20	20
(3, 5, 4)	0	0	974720	992654	110	110
(5, 3, 4)	2	0	560878	231779	25	25
(3, 6, 4)	2	0	924267	599521	57	57
(6, 3, 4)	2	0	350829	77760	22	22
(3, 7, 4)	1	0	112612	300130	22	21
(7, 3, 4)	0	0	898476	976043	110	110
(3, 8, 4)	0	0	973225	996744	110	110
(8, 3, 4)	2	0	310148	96620	15	15
(3, 9, 4)	1	0	283076	45297	16	15
(9, 3, 4)	2	0	32807	102703	18	18
(3, 10, 4)	1	0	914058	989785	69	68
(10, 3, 4)	2	0	576609	120410	19	19
(3, 11, 4)	1	0	663311	906828	40	39
(11, 3, 4)	2	0	683874	238746	26	26
(4, 5, 4)	1	0	402003	298902	13	12
(5, 4, 4)	1	0	149727	119092	10	9
(4, 6, 4)	2	0	847853	522080	34	34
(6, 4, 4)	1	0	80683	129540	10	9
(4, 7, 4)	1	0	141457	95332	14	13
(7, 4, 4)	2	0	560321	818315	41	41
(4, 8, 4)	1	0	394600	176223	21	20
(8, 4, 4)	2	0	398730	533390	22	22
(4, 9, 4)	1	0	282888	20931	21	20
(9, 4, 4)	2	0	111315	625555	37	37
(4, 10, 4)	2	0	752902	844448	25	25
(10, 4, 4)	2	0	834605	743807	31	31
(4, 11, 4)	1	0	622171	893271	32	31
(11, 4, 4)	2	0	664123	695395	29	29
(5, 6, 4)	2	0	720673	409660	25	25
(6, 5, 4)	1	0	113698	224914	11	10
(5, 7, 4)	1	0	170361	96586	16	15
(7, 5, 4)	1	0	256764	340461	22	21
(5, 8, 4)	1	0	149982	81356	12	11
(8, 5, 4)	1	0	465750	423362	22	21
(5, 9, 4)	1	0	403650	30369	20	19
(9, 5, 4)	1	0	16371	220958	13	12
(5, 10, 4)	2	0	744720	762544	32	32
(10, 5, 4)	2	0	869989	565889	32	32
(5, 11, 4)	1	0	178100	305206	14	13
(11, 5, 4)	2	0	225079	306737	21	21
(6, 7, 4)	1	0	111131	96979	13	12
(7, 6, 4)	2	0	542329	398593	42	42
(6, 8, 4)	1	0	82352	82288	13	12
(8, 6, 4)	2	0	313282	136891	19	19
(6, 9, 4)	1	0	206156	22186	15	14
(9, 6, 4)	2	0	50455	126600	26	26
(6, 10, 4)	1	0	168425	431459	17	16
(10, 6, 4)	2	0	854027	223407	27	27
(6, 11, 4)	1	0	124001	357289	17	16
(11, 6, 4)	2	0	942851	221385	37	37
(7, 8, 4)	2	0	426270	488228	31	31
(8, 7, 4)	2	0	384962	209101	16	16
(7, 9, 4)	1	0	547817	128906	37	36
(9, 7, 4)	1	0	12984	96272	13	12
(7, 10, 4)	2	0	645792	877731	45	45
(10, 7, 4)	2	0	671328	212114	21	21
(7, 11, 4)	1	2	873879	999600	107	106
(11, 7, 4)	2	0	689257	286189	23	23
(8, 9, 4)	1	0	316677	20060	16	15
(9, 8, 4)	1	0	15825	84626	12	11
(8, 10, 4)	2	0	591539	742040	26	26
(10, 8, 4)	2	0	998094	961852	77	77
(8, 11, 4)	1	0	594840	888229	33	32
(11, 8, 4)	1	0	418707	398191	26	25
(9, 10, 4)	2	0	58812	790939	33	33
(10, 9, 4)	1	0	592134	18150	22	21
(9, 11, 4)	1	0	164590	831889	34	33
(11, 9, 4)	2	0	689524	58135	31	31
(10, 11, 4)	1	0	507359	320796	21	20
(11, 10, 4)	2	0	657108	590602	25	25
(0, 1, 5)	1	0	759088	803120	39	38
(1, 0, 5)	2	0	883911	629949	35	35
(0, 2, 5)	1	0	796363	654808	44	43
(2, 0, 5)	2	0	399696	349588	17	17
(0, 3, 5)	1	0	804963	825645	43	42
(3, 0, 5)	2	0	689861	769667	38	38
(0, 4, 5)	1	0	702282	831477	38	37
(4, 0, 5)	2	0	241222	144612	10	10
(0, 5, 5)	1	0	311240	405472	16	15
(5, 0, 5)	2	0	583894	317304	19	19
(0, 6, 5)	0	0	980771	970475	110	110
(6, 0, 5)	1	0	845048	977984	72	71
(0, 7, 5)	1	0	624528	497764	36	35
(7, 0, 5)	2	0	510527	757135	37	37
(0, 8, 5)	1	0	649909	692004	36	35
(8, 0, 5)	2	0	457836	601369	26	26
(0, 9, 5)	1	0	612614	137637	37	36
(9, 0, 5)	2	0	31361	294462	18	18
(0, 10, 5)	1	0	387470	704978	26	25
(10, 0, 5)	2	0	849794	726269	32	32
(0, 11, 5)	1	0	321307	604512	19	18
(11, 0, 5)	2	0	849211	636379	31	31
(1, 2, 5)	1	0	746208	493434	29	28
(2, 1, 5)	2	0	662291	806775	30	30
(1, 3, 5)	2	0	603456	130003	16	16
(3, 1, 5)	2	0	776704	834451	36	36
(1, 4, 5)	1	0	696918	792627	34	33
(4, 1, 5)	2	0	216715	372534	13	13
(1, 5, 5)	1	0	622087	431170	23	22
(5, 1, 5)	2	0	498589	599217	25	25
(1, 6, 5)	0	0	958052	952180	110	110
(6, 1, 5)	1	0	802878	884415	56	55
(1, 7, 5)	1	0	798443	568818	42	41
(7, 1, 5)	2	0	425337	844048	31	31
(1, 8, 5)	1	0	687114	658914	38	37
(8, 1, 5)	2	0	715963	825899	37	37
(1, 9, 5)	1	0	792304	89306	45	44
(9, 1, 5)	2	0	155695	854648	35	35
(1, 10, 5)	2	0	607254	423787	17	17
(10, 1, 5)	2	0	908502	910701	37	37
(1, 11, 5)	1	0	559727	563622	21	20
(11, 1, 5)	2	0	844366	835541	33	33
(2, 3, 5)	2	0	321494	160685	22	22
(3, 2, 5)	2	0	816755	628567	38	38
(2, 4, 5)	1	0	216981	280361	14	13
(4, 2, 5)	2	0	237259	33834	17	17
(2, 5, 5)	1	0	293944	504120	21	20
(5, 2, 5)	2	0	517469	130784	23	23
(2, 6, 5)	2	0	558752	374722	30	30
(6, 2, 5)	1	0	746666	863033	51	50
(2, 7, 5)	2	0	418550	256735	19	19
(7, 2, 5)	1	0	101886	83220	14	13
(2, 8, 5)	1	0	578643	661548	32	31
(8, 2, 5)	2	0	544853	395244	25	25
(2, 9, 5)	1	0	350700	41913	28	27
(9, 2, 5)	2	0	36739	241105	14	14
(2, 10, 5)	1	0	243678	390159	19	18
(10, 2, 5)	2	0	682918	329587	22	22
(2, 11, 5)	1	0	684739	982946	55	54
(11, 2, 5)	2	0	645163	309867	31	31
(3, 4, 5)	1	0	223608	699311	23	22
(4, 3, 5)	2	0	286860	44881	13	13
(3, 5, 5)	1	0	311719	554165	23	22
(5, 3, 5)	2	0	421020	93845	15	15
(3, 6, 5)	2	0	788869	445168	41	41
(6, 3, 5)	2	0	177760	128847	16	16
(3, 7, 5)	1	0	498775	506812	40	39
(7, 3, 5)	2	0	422863	267015	28	28
(3, 8, 5)	1	0	100586	193785	16	15
(8, 3, 5)	2	0	253808	104293	19	19
(3, 9, 5)	1	0	125176	21717	14	13
(9, 3, 5)	2	0	32417	41366	14	14
(3, 10, 5)	1	0	130864	468897	17	16
(10, 3, 5)	2	0	745810	179112	22	22
(3, 11, 5)	1	0	309767	833797	30	29
(11, 3, 5)	2	0	689188	267467	29	29
(4, 5, 5)	1	0	188794	155632	14	13
(5, 4, 5)	1	0	453338	426607	14	13
(4, 6, 5)	2	0	229314	100174	14	14
(6, 4, 5)	2	0	250023	342271	18	18
(4, 7, 5)	0	0	996746	904639	110	110
(7, 4, 5)	2	0	611074	809025	40	40
(4, 8, 5)	2	0	295080	112634	13	13
(8, 4, 5)	2	0	353151	560297	21	21
(4, 9, 5)	2	0	259902	15383	13	13
(9, 4, 5)	2	0	31148	294651	20	20
(4, 10, 5)	2	0	232552	331778	11	11
(10, 4, 5)	2	0	943810	899641	45	45
(4, 11, 5)	2	0	242293	159271	15	15
(11, 4, 5)	1	0	304767	359450	17	16
(5, 6, 5)	2	0	421771	111269	19	19
(6, 5, 5)	1	0	131486	431884	23	22
(5, 7, 5)	2	0	523348	230858	20	20
(7, 5, 5)	1	0	663297	801267	43	42
(5, 8, 5)	1	0	843081	720325	39	38
(8, 5, 5)	2	0	644305	584057	30	30
(5, 9, 5)	2	0	472510	28834	18	18
(9, 5, 5)	0	0	993094	995580	110	110
(5, 10, 5)	1	0	394178	434821	17	16
(10, 5, 5)	2	0	797630	485350	29	29
(5, 11, 5)	1	0	790802	941718	43	42
(11, 5, 5)	2	0	768268	712929	32	32
(6, 7, 5)	1	0	212908	363493	28	27
(7, 6, 5)	2	0	579385	288197	39	39
(6, 8, 5)	2	0	176066	301214	16	16
(8, 6, 5)	2	0	720682	330711	37	37
(6, 9, 5)	2	0	207707	27751	17	17
(9, 6, 5)	2	0	58511	218620	21	21
(6, 10, 5)	2	0	249146	401360	18	18
(10, 6, 5)	2	0	881146	339966	38	38
(6, 11, 5)	1	0	226573	547945	20	19
(11, 6, 5)	2	0	718658	145327	29	29
(7, 8, 5)	1	0	101354	174301	14	13
(8, 7, 5)	1	0	494056	430392	34	33
(7, 9, 5)	2	0	576987	274956	38	38
(9, 7, 5)	2	0	27133	133753	16	16
(7, 10, 5)	1	0	101524	228298	14	13
(10, 7, 5)	2	0	827964	492740	34	34
(7, 11, 5)	1	0	769986	999022	73	72
(11, 7, 5)	2	0	638260	410920	28	28
(8, 9, 5)	2	0	573985	58134	30	30
(9, 8, 5)	2	0	26993	150040	14	14
(8, 10, 5)	2	0	813122	952925	47	47
(10, 8, 5)	0	0	999655	998441	110	110
(8, 11, 5)	1	0	301399	414918	16	15
(11, 8, 5)	1	0	125928	192276	16	15
(9, 10, 5)	2	0	112621	604576	20	20
(10, 9, 5)	2	0	967410	213486	45	45
(9, 11, 5)	2	0	22713	125833	15	15
(11, 9, 5)	1	0	215651	20687	17	16
(10, 11, 5)	1	0	380533	368683	16	15
(11, 10, 5)	2	0	886568	814125	32	32
(0, 1, 6)	1	0	570079	907980	30	29
(1, 0, 6)	2	0	951293	824093	49	49
(0, 2, 6)	1	0	366869	266220	17	16
(2, 0, 6)	2	0	307519	679206	30	30
(0, 3, 6)	1	0	855614	828840	47	46
(3, 0, 6)	1	0	625500	648311	37	36
(0, 4, 6)	1	0	208667	483377	14	13
(4, 0, 6)	2	0	781708	493133	26	26
(0, 5, 6)	1	0	350034	477428	19	18
(5, 0, 6)	2	0	871400	787584	38	38
(0, 6, 6)	1	0	150533	192003	11	10
(6, 0, 6)	0	0	986975	992783	110	110
(0, 7, 6)	1	0	388200	231297	18	17
(7, 0, 6)	2	0	377297	501011	27	27
(0, 8, 6)	1	0	361918	318189	18	17
(8, 0, 6)	2	0	318273	313940	20	20
(0, 9, 6)	1	0	255346	15635	21	20
(9, 0, 6)	2	0	66453	495270	26	26
(0, 10, 6)	1	0	195287	484232	18	17
(10, 0, 6)	2	0	539722	394471	18	18
(0, 11, 6)	1	0	212699	101938	15	14
(11, 0, 6)	2	0	811177	707078	31	31
(1, 2, 6)	1	0	886869	772961	41	40
(2, 1, 6)	2	0	488188	722523	30	30
(1, 3, 6)	1	0	934688	849803	43	42
(3, 1, 6)	2	0	820734	856749	40	40
(1, 4, 6)	1	0	488137	415142	20	19
(4, 1, 6)	2	0	768589	692917	23	23
(1, 5, 6)	1	0	696524	371619	22	21
(5, 1, 6)	2	0	825741	870000	31	31
(1, 6, 6)	1	0	721607	345219	30	29
(6, 1, 6)	2	0	416496	797136	27	27
(1, 7, 6)	1	0	548633	246662	22	21
(7, 1, 6)	2	0	432806	759593	30	30
(1, 8, 6)	1	0	708275	324171	22	21
(8, 1, 6)	2	0	514835	810441	38	38
(1, 9, 6)	1	0	470452	14137	23	22
(9, 1, 6)	2	0	333825	869991	43	43
(1, 10, 6)	1	0	556743	564263	20	19
(10, 1, 6)	2	0	537507	360334	19	19
(1, 11, 6)	1	0	462575	315496	15	14
(11, 1, 6)	2	0	801866	852511	33	33
(2, 3, 6)	0	0	989497	978313	110	110
(3, 2, 6)	1	0	414772	444910	26	25
(2, 4, 6)	1	0	187654	411071	14	13
(4, 2, 6)	2	0	911747	637525	41	41
(2, 5, 6)	1	0	92973	417243	18	17
(5, 2, 6)	2	0	329501	227056	18	18
(2, 6, 6)	1	0	139494	139355	16	15
(6, 2, 6)	1	0	301458	264876	16	15
(2, 7, 6)	1	0	85862	148060	18	17
(7, 2, 6)	2	0	433753	508513	32	32
(2, 8, 6)	1	0	92852	253499	18	17
(8, 2, 6)	2	0	519458	425861	28	28
(2, 9, 6)	1	0	95205	22084	19	18
(9, 2, 6)	2	0	41681	235868	24	24
(2, 10, 6)	1	0	162984	439372	18	17
(10, 2, 6)	2	0	541116	203754	19	19
(2, 11, 6)	1	0	126896	287826	17	16
(11, 2, 6)	2	0	893234	364395	40	40
(3, 4, 6)	1	0	62781	365351	15	14
(4, 3, 6)	2	0	814358	502264	32	32
(3, 5, 6)	1	0	115460	497073	18	17
(5, 3, 6)	2	0	392302	217744	23	23
(3, 6, 6)	1	0	25407	186749	11	10
(6, 3, 6)	1	0	395288	855226	50	49
(3, 7, 6)	1	0	57084	145973	16	15
(7, 3, 6)	2	0	375125	222163	27	27
(3, 8, 6)	1	0	70557	251797	17	16
(8, 3, 6)	2	0	648713	588447	42	42
(3, 9, 6)	1	0	64776	15296	16	15
(9, 3, 6)	2	0	92338	497802	31	31
(3, 10, 6)	1	0	53027	470443	18	17
(10, 3, 6)	2	0	688684	256068	29	29
(3, 11, 6)	1	0	52959	94611	15	14
(11, 3, 6)	2	0	718822	245351	31	31
(4, 5, 6)	1	0	558165	632665	24	23
(5, 4, 6)	1	0	557082	692187	26	25
(4, 6, 6)	1	0	172606	186330	10	9
(6, 4, 6)	1	0	223881	457740	16	15
(4, 7, 6)	1	0	832655	465346	36	35
(7, 4, 6)	2	0	476434	592083	30	30
(4, 8, 6)	0	0	996994	996374	110	110
(8, 4, 6)	2	0	537320	685139	32	32
(4, 9, 6)	2	0	871654	242581	40	40
(9, 4, 6)	1	0	83087	607980	23	22
(4, 10, 6)	1	0	738815	736533	27	26
(10, 4, 6)	1	0	901882	880904	39	38
(4, 11, 6)	1	0	414462	261339	17	16
(11, 4, 6)	2	0	895549	739801	33	33
(5, 6, 6)	2	0	892470	593768	39	39
(6, 5, 6)	1	0	561377	686087	29	28
(5, 7, 6)	2	0	727191	431734	30	30
(7, 5, 6)	2	0	440934	616869	33	33
(5, 8, 6)	2	0	274699	179596	16	16
(8, 5, 6)	1	0	364819	556873	23	22
(5, 9, 6)	2	0	780315	349686	35	35
(9, 5, 6)	1	0	40937	553413	24	23
(5, 10, 6)	1	0	745641	802234	35	34
(10, 5, 6)	2	0	668122	605202	22	22
(5, 11, 6)	2	0	878484	945454	36	36
(11, 5, 6)	2	0	962765	853394	43	43
(6, 7, 6)	1	0	98776	270092	23	22
(7, 6, 6)	2	0	622277	393003	40	40
(6, 8, 6)	1	0	159320	313236	23	22
(8, 6, 6)	2	0	609041	488660	35	35
(6, 9, 6)	1	0	96849	14901	24	23
(9, 6, 6)	2	0	941309	345187	38	38
(6, 10, 6)	1	0	492746	882874	38	37
(10, 6, 6)	2	0	717924	237338	27	27
(6, 11, 6)	1	0	331347	668578	28	27
(11, 6, 6)	2	0	855551	264326	35	35
(7, 8, 6)	1	0	339153	467140	26	25
(8, 7, 6)	1	0	467549	409342	25	24
(7, 9, 6)	1	0	130158	25729	18	17
(9, 7, 6)	2	0	465120	354399	30	30
(7, 10, 6)	2	0	513253	775529	31	31
(10, 7, 6)	2	0	626446	323927	23	23
(7, 11, 6)	2	0	554991	749844	31	31
(11, 7, 6)	2	0	332661	261737	22	22
(8, 9, 6)	1	0	147097	22893	16	15
(9, 8, 6)	2	0	51923	392412	22	22
(8, 10, 6)	2	0	551053	746816	30	30
(10, 8, 6)	2	0	718921	505667	28	28
(8, 11, 6)	1	0	258934	312235	17	16
(11, 8, 6)	1	0	644008	447918	26	25
(9, 10, 6)	1	0	61709	621715	23	22
(10, 9, 6)	1	0	189954	10631	13	12
(9, 11, 6)	1	0	18134	287335	16	15
(11, 9, 6)	1	0	314867	14008	22	21
(10, 11, 6)	1	0	598524	532112	21	20
(11, 10, 6)	2	0	906189	767712	40	40
(0, 1, 7)	1	0	563411	811596	24	23
(1, 0, 7)	1	0	863065	932101	46	45
(0, 2, 7)	1	0	484507	404518	23	22
(2, 0, 7)	2	0	693988	621573	31	31
(0, 3, 7)	1	0	774693	446594	36	35
(3, 0, 7)	2	0	649663	644173	28	28
(0, 4, 7)	1	0	425647	588664	19	18
(4, 0, 7)	2	0	764154	809054	31	31
(0, 5, 7)	1	0	311396	270675	23	22
(5, 0, 7)	2	0	598431	381524	17	17
(0, 6, 7)	1	0	513173	398390	24	23
(6, 0, 7)	2	0	332172	289873	15	15
(0, 7, 7)	1	0	450407	294181	22	21
(7, 0, 7)	2	0	442328	482772	25	25
(0, 8, 7)	1	0	623453	602584	33	32
(8, 0, 7)	2	0	553340	743288	31	31
(0, 9, 7)	1	0	556228	44675	28	27
(9, 0, 7)	2	0	21417	378101	21	21
(0, 10, 7)	1	0	624471	708595	28	27
(10, 0, 7)	2	0	487670	465745	26	26
(0, 11, 7)	1	0	405894	342736	21	20
(11, 0, 7)	2	0	507106	448814	24	24
(1, 2, 7)	1	0	709251	456202	29	28
(2, 1, 7)	2	0	588278	839787	27	27
(1, 3, 7)	1	0	847662	866409	52	51
(3, 1, 7)	2	0	896304	882752	52	52
(1, 4, 7)	1	0	406630	433035	19	18
(4, 1, 7)	2	0	701209	716445	30	30
(1, 5, 7)	1	0	638893	521043	17	16
(5, 1, 7)	2	0	878077	922822	38	38
(1, 6, 7)	2	0	964144	516625	45	45
(6, 1, 7)	2	0	308480	616396	16	16
(1, 7, 7)	1	0	759410	298921	23	22
(7, 1, 7)	2	0	424956	809208	30	30
(1, 8, 7)	1	0	780722	528956	28	27
(8, 1, 7)	2	0	677991	818990	37	37
(1, 9, 7)	1	0	592779	52522	23	22
(9, 1, 7)	2	0	53879	658198	23	23
(1, 10, 7)	1	0	446943	353841	18	17
(10, 1, 7)	2	0	850791	871779	34	34
(1, 11, 7)	2	0	752102	668602	29	29
(11, 1, 7)	2	0	933963	780621	38	38
(2, 3, 7)	0	0	991606	977062	110	110
(3, 2, 7)	2	0	687709	456381	35	35
(2, 4, 7)	1	0	237736	500327	18	17
(4, 2, 7)	2	0	673062	394697	25	25
(2, 5, 7)	2	0	377455	578346	26	26
(5, 2, 7)	2	0	601660	386638	21	21
(2, 6, 7)	2	0	673298	588938	41	41
(6, 2, 7)	2	0	231192	113461	13	13
(2, 7, 7)	1	0	190718	228357	17	16
(7, 2, 7)	2	0	384701	271253	29	29
(2, 8, 7)	1	0	87132	191807	14	13
(8, 2, 7)	2	0	563044	471740	33	33
(2, 9, 7)	1	0	297615	22461	24	23
(9, 2, 7)	2	0	21945	193406	21	21
(2, 10, 7)	1	0	83021	338163	18	17
(10, 2, 7)	2	0	907758	534654	34	34
(2, 11, 7)	1	0	232368	612779	25	24
(11, 2, 7)	2	0	912379	618976	37	37
(3, 4, 7)	2	0	594479	760747	37	37
(4, 3, 7)	2	0	460860	208251	19	19
(3, 5, 7)	1	0	154162	289870	12	11
(5, 3, 7)	2	0	342239	95511	16	16
(3, 6, 7)	2	0	686999	157781	43	43
(6, 3, 7)	2	0	314430	196734	19	19
(3, 7, 7)	1	0	162895	295372	23	22
(7, 3, 7)	2	0	440255	228026	29	29
(3, 8, 7)	2	0	487959	522907	33	33
(8, 3, 7)	2	0	495883	318083	28	28
(3, 9, 7)	2	0	691848	109424	40	40
(9, 3, 7)	2	0	49496	362510	31	31
(3, 10, 7)	1	0	252254	703308	24	23
(10, 3, 7)	2	0	497782	213818	25	25
(3, 11, 7)	1	0	154433	153974	14	13
(11, 3, 7)	2	0	697997	266524	30	30
(4, 5, 7)	1	0	763031	620596	29	28
(5, 4, 7)	2	0	343858	292097	18	18
(4, 6, 7)	2	0	781516	323443	26	26
(6, 4, 7)	2	0	236095	317481	17	17
(4, 7, 7)	2	0	712016	287824	29	29
(7, 4, 7)	2	0	627558	774470	41	41
(4, 8, 7)	1	0	223579	184119	16	15
(8, 4, 7)	2	0	522044	580734	24	24
(4, 9, 7)	1	0	677240	40809	41	40
(9, 4, 7)	2	0	392013	909935	51	51
(4, 10, 7)	1	0	201579	345092	18	17
(10, 4, 7)	2	0	756082	498284	26	26
(4, 11, 7)	1	0	199432	115876	16	15
(11, 4, 7)	2	0	709450	691258	31	31
(5, 6, 7)	2	0	804389	370528	27	27
(6, 5, 7)	1	0	260385	476808	20	19
(5, 7, 7)	1	0	357426	225543	17	16
(7, 5, 7)	2	0	476240	634494	34	34
(5, 8, 7)	1	0	240475	183175	15	14
(8, 5, 7)	0	0	997418	997213	110	110
(5, 9, 7)	2	0	694284	72818	24	24
(9, 5, 7)	1	0	29876	342631	23	22
(5, 10, 7)	1	0	238678	345872	18	17
(10, 5, 7)	2	0	865211	662945	32	32
(5, 11, 7)	1	0	240399	105576	16	15
(11, 5, 7)	1	0	217451	167352	14	13
(6, 7, 7)	2	0	228559	135164	13	13
(7, 6, 7)	2	0	483788	493606	36	36
(6, 8, 7)	1	0	287179	398692	30	29
(8, 6, 7)	2	0	681711	320565	36	36
(6, 9, 7)	1	0	468748	246158	32	31
(9, 6, 7)	2	0	61208	322202	28	28
(6, 10, 7)	2	0	232628	441196	13	13
(10, 6, 7)	2	0	547292	251375	21	21
(6, 11, 7)	1	0	231107	930809	34	33
(11, 6, 7)	2	0	935315	404715	42	42
(7, 8, 7)	2	0	124729	185665	17	17
(8, 7, 7)	1	0	530205	393355	31	30
(7, 9, 7)	2	0	408024	137404	30	30
(9, 7, 7)	1	0	40507	249334	17	16
(7, 10, 7)	2	0	124723	345246	16	16
(10, 7, 7)	1	0	592630	295841	19	18
(7, 11, 7)	2	0	125841	104025	14	14
(11, 7, 7)	1	0	262023	174326	12	11
(8, 9, 7)	2	0	516706	51557	28	28
(9, 8, 7)	1	0	8376	182888	14	13
(8, 10, 7)	1	0	195812	335343	18	17
(10, 8, 7)	2	0	866657	506724	39	39
(8, 11, 7)	2	0	653132	742558	36	36
(11, 8, 7)	1	0	165399	184315	16	15
(9, 10, 7)	1	0	8947	344123	16	15
(10, 9, 7)	1	0	755060	37654	27	26
(9, 11, 7)	2	0	40707	395278	19	19
(11, 9, 7)	1	0	512378	19712	21	20
(10, 11, 7)	1	0	486660	365347	20	19
(11, 10, 7)	1	0	153324	372143	18	17
(0, 1, 8)	1	0	388267	743616	23	22
(1, 0, 8)	2	0	863834	697398	34	34
(0, 2, 8)	1	0	421995	213576	22	21
(2, 0, 8)	2	0	600470	754997	34	34
(0, 3, 8)	1	0	742152	882410	37	36
(3, 0, 8)	2	0	644666	698601	29	29
(0, 4, 8)	1	0	561436	826154	29	28
(4, 0, 8)	2	0	400010	319824	19	19
(0, 5, 8)	1	0	625090	684605	28	27
(5, 0, 8)	2	0	530173	442898	23	23
(0, 6, 8)	1	0	120598	77155	9	8
(6, 0, 8)	2	0	420191	613916	26	26
(0, 7, 8)	1	0	338992	181943	19	18
(7, 0, 8)	2	0	557486	813756	35	35
(0, 8, 8)	1	0	521141	532581	28	27
(8, 0, 8)	2	0	468605	528159	27	27
(0, 9, 8)	1	0	619449	74320	29	28
(9, 0, 8)	2	0	184437	769421	44	44
(0, 10, 8)	1	0	717234	840613	33	32
(10, 0, 8)	2	0	513631	305396	17	17
(0, 11, 8)	1	0	581525	826643	32	31
(11, 0, 8)	2	0	611335	505734	24	24
(1, 2, 8)	1	0	914663	633432	31	30
(2, 1, 8)	2	0	731305	947453	41	41
(1, 3, 8)	1	0	972595	840740	50	49
(3, 1, 8)	2	0	883703	912287	51	51
(1, 4, 8)	1	0	878294	840905	38	37
(4, 1, 8)	2	0	761734	689766	25	25
(1, 5, 8)	1	0	545090	566790	24	23
(5, 1, 8)	2	0	446195	564969	18	18
(1, 6, 8)	2	0	846722	311372	25	25
(6, 1, 8)	0	0	885185	963098	110	110
(1, 7, 8)	1	0	814198	537790	39	38
(7, 1, 8)	2	0	574185	912281	40	40
(1, 8, 8)	1	0	858720	598486	38	37
(8, 1, 8)	2	0	570047	781554	30	30
(1, 9, 8)	1	0	778560	120298	38	37
(9, 1, 8)	2	0	659588	839294	41	41
(1, 10, 8)	1	0	328766	279777	22	21
(10, 1, 8)	2	0	873094	894726	37	37
(1, 11, 8)	1	0	816898	748961	34	33
(11, 1, 8)	2	0	873233	843982	32	32
(2, 3, 8)	2	0	468947	187109	21	21
(3, 2, 8)	1	0	723430	624749	41	40
(2, 4, 8)	1	0	698312	940746	52	51
(4, 2, 8)	2	0	564046	372120	23	23
(2, 5, 8)	1	0	202627	465412	24	23
(5, 2, 8)	2	0	596876	351527	32	32
(2, 6, 8)	2	0	581003	354417	34	34
(6, 2, 8)	1	0	645072	683182	41	40
(2, 7, 8)	1	0	512199	542316	34	33
(7, 2, 8)	1	0	294186	349792	19	18
(2, 8, 8)	1	0	290247	538657	28	27
(8, 2, 8)	2	0	366448	333727	18	18
(2, 9, 8)	1	0	443498	225838	29	28
(9, 2, 8)	2	0	47488	390339	24	24
(2, 10, 8)	1	0	96705	300151	24	23
(10, 2, 8)	1	0	934510	793914	45	44
(2, 11, 8)	1	0	602548	990194	45	44
(11, 2, 8)	2	0	782706	267184	30	30
(3, 4, 8)	1	0	315433	495184	22	21
(4, 3, 8)	2	0	660665	358759	21	21
(3, 5, 8)	1	0	242136	574854	21	20
(5, 3, 8)	2	0	419392	175865	22	22
(3, 6, 8)	1	0	93588	80574	9	8
(6, 3, 8)	1	0	523126	877333	51	50
(3, 7, 8)	1	0	272961	378921	27	26
(7, 3, 8)	2	0	394276	212054	27	27
(3, 8, 8)	1	0	104198	204080	21	20
(8, 3, 8)	2	0	514358	135780	27	27
(3, 9, 8)	1	0	106149	4112	14	13
(9, 3, 8)	2	0	43633	103430	18	18
(3, 10, 8)	1	0	104888	508432	21	20
(10, 3, 8)	2	0	343953	101105	14	14
(3, 11, 8)	1	0	326639	806404	30	29
(11, 3, 8)	2	0	561834	161658	20	20
(4, 5, 8)	1	0	440214	486453	21	20
(5, 4, 8)	0	0	997334	995993	110	110
(4, 6, 8)	2	0	788331	394867	26	26
(6, 4, 8)	1	0	199904	439823	19	18
(4, 7, 8)	2	0	646682	363179	26	26
(7, 4, 8)	2	0	395489	629135	23	23
(4, 8, 8)	1	0	723369	665181	36	35
(8, 4, 8)	1	0	335525	382493	18	17
(4, 9, 8)	1	0	613548	65298	29	28
(9, 4, 8)	1	0	154262	764455	32	31
(4, 10, 8)	2	0	558317	587453	18	18
(10, 4, 8)	2	0	872776	772591	34	34
(4, 11, 8)	2	0	420380	341877	15	15
(11, 4, 8)	2	0	807052	770130	32	32
(5, 6, 8)	2	0	454922	256524	21	21
(6, 5, 8)	1	0	498148	749676	32	31
(5, 7, 8)	2	0	242958	199756	12	12
(7, 5, 8)	2	0	542486	687993	36	36
(5, 8, 8)	2	0	188991	183750	13	13
(8, 5, 8)	2	0	405237	523432	21	21
(5, 9, 8)	2	0	695524	197222	24	24
(9, 5, 8)	1	0	60107	470361	20	19
(5, 10, 8)	2	0	275568	431082	14	14
(10, 5, 8)	0	0	999833	993754	110	110
(5, 11, 8)	2	0	534869	522323	20	20
(11, 5, 8)	2	0	817227	591796	31	31
(6, 7, 8)	1	0	432010	443672	33	32
(7, 6, 8)	2	0	576909	463383	45	45
(6, 8, 8)	1	0	445064	611688	40	39
(8, 6, 8)	2	0	700996	381307	34	34
(6, 9, 8)	1	0	546867	210450	42	41
(9, 6, 8)	1	0	11767	76525	9	8
(6, 10, 8)	1	0	239112	282074	20	19
(10, 6, 8)	1	0	172424	79320	10	9
(6, 11, 8)	1	0	243696	835991	32	31
(11, 6, 8)	2	0	759245	160950	29	29
(7, 8, 8)	2	0	652380	788780	50	50
(8, 7, 8)	2	0	530599	353095	25	25
(7, 9, 8)	2	0	378690	201421	24	24
(9, 7, 8)	1	0	31014	190439	17	16
(7, 10, 8)	1	0	223316	282541	19	18
(10, 7, 8)	2	0	617498	185599	21	21
(7, 11, 8)	1	0	551038	838328	38	37
(11, 7, 8)	2	0	906776	391197	31	31
(8, 9, 8)	1	0	393527	41048	16	15
(9, 8, 8)	2	0	53113	449454	20	20
(8, 10, 8)	1	0	208099	544429	22	21
(10, 8, 8)	2	0	386589	204818	19	19
(8, 11, 8)	2	0	464209	508964	25	25
(11, 8, 8)	2	0	756842	381941	23	23
(9, 10, 8)	1	0	59401	718668	29	28
(10, 9, 8)	2	0	441531	20634	19	19
(9, 11, 8)	2	0	123332	769717	27	27
(11, 9, 8)	1	0	332032	28565	15	14
(10, 11, 8)	2	0	374496	212948	23	23
(11, 10, 8)	2	0	765276	646448	26	26
(0, 1, 9)	1	0	572955	815357	26	25
(1, 0, 9)	2	0	750296	804653	38	38
(0, 2, 9)	1	0	412863	296467	18	17
(2, 0, 9)	2	0	552657	670908	26	26
(0, 3, 9)	1	0	415277	271308	22	21
(3, 0, 9)	2	0	619540	505295	28	28
(0, 4, 9)	1	0	286164	382514	15	14
(4, 0, 9)	2	0	445321	464452	20	20
(0, 5, 9)	1	0	268438	364838	15	14
(5, 0, 9)	2	0	558129	419330	20	20
(0, 6, 9)	0	0	949824	967656	110	110
(6, 0, 9)	0	0	967399	976820	110	110
(0, 7, 9)	1	0	241354	208298	14	13
(7, 0, 9)	2	0	558617	804957	37	37
(0, 8, 9)	1	0	378738	315925	19	18
(8, 0, 9)	2	0	375482	441904	22	22
(0, 9, 9)	1	0	470202	74945	24	23
(9, 0, 9)	2	0	29968	358768	13	13
(0, 10, 9)	1	0	520192	564647	27	26
(10, 0, 9)	2	0	546216	472501	20	20
(0, 11, 9)	1	0	481244	517541	21	20
(11, 0, 9)	2	0	570455	435700	21	21
(1, 2, 9)	1	0	709183	317788	19	18
(2, 1, 9)	2	0	837280	902027	37	37
(1, 3, 9)	2	0	836884	108195	21	21
(3, 1, 9)	2	0	857180	926121	45	45
(1, 4, 9)	2	0	789736	503471	20	20
(4, 1, 9)	1	0	366296	529888	25	24
(1, 5, 9)	1	0	518214	368246	13	12
(5, 1, 9)	1	0	502750	594756	22	21
(1, 6, 9)	2	0	960340	480143	38	38
(6, 1, 9)	2	0	670407	806276	37	37
(1, 7, 9)	1	0	554666	135744	22	21
(7, 1, 9)	2	0	538234	917584	36	36
(1, 8, 9)	1	0	555436	412373	24	23
(8, 1, 9)	1	0	311136	467389	21	20
(1, 9, 9)	1	0	536677	52300	17	16
(9, 1, 9)	2	0	554870	804161	30	30
(1, 10, 9)	1	0	459589	516205	24	23
(10, 1, 9)	1	0	464159	467604	21	20
(1, 11, 9)	2	0	804144	391094	18	18
(11, 1, 9)	2	0	637789	532021	22	22
(2, 3, 9)	2	0	698368	874007	44	44
(3, 2, 9)	1	0	64168	116797	18	17
(2, 4, 9)	1	0	283965	435766	21	20
(4, 2, 9)	2	0	413483	192514	21	21
(2, 5, 9)	1	0	84411	398453	21	20
(5, 2, 9)	2	0	861126	535348	34	34
(2, 6, 9)	2	0	499946	304465	25	25
(6, 2, 9)	1	0	581250	834943	35	34
(2, 7, 9)	1	0	800473	736743	62	61
(7, 2, 9)	2	0	710637	764696	57	57
(2, 8, 9)	1	0	529116	680494	37	36
(8, 2, 9)	2	0	333614	190910	21	21
(2, 9, 9)	1	0	280075	80347	23	22
(9, 2, 9)	2	0	31769	150801	13	13
(2, 10, 9)	1	0	261979	661451	28	27
(10, 2, 9)	2	0	867499	410124	32	32
(2, 11, 9)	1	0	492666	910925	37	36
(11, 2, 9)	2	0	669154	201504	24	24
(3, 4, 9)	1	0	60294	365032	19	18
(4, 3, 9)	2	0	460165	149662	18	18
(3, 5, 9)	1	0	70310	355086	19	18
(5, 3, 9)	2	0	487450	97804	21	21
(3, 6, 9)	2	0	709446	261141	41	41
(6, 3, 9)	1	0	239845	278335	25	24
(3, 7, 9)	1	0	59659	169197	18	17
(7, 3, 9)	2	0	501663	366378	28	28
(3, 8, 9)	1	0	432124	663708	33	32
(8, 3, 9)	2	0	328401	151694	18	18
(3, 9, 9)	1	0	59388	14642	18	17
(9, 3, 9)	2	0	27921	124373	13	13
(3, 10, 9)	1	0	57906	395292	18	17
(10, 3, 9)	2	0	635811	153016	24	24
(3, 11, 9)	1	0	75289	345512	18	17
(11, 3, 9)	2	0	677862	142682	20	20
(4, 5, 9)	1	0	825547	828521	38	37
(5, 4, 9)	1	0	539889	529025	22	21
(4, 6, 9)	2	0	491168	145891	23	23
(6, 4, 9)	1	0	249318	513253	24	23
(4, 7, 9)	2	0	819208	399085	28	28
(7, 4, 9)	1	0	235615	453459	21	20
(4, 8, 9)	2	0	892774	842583	46	46
(8, 4, 9)	2	0	362176	492631	19	19
(4, 9, 9)	2	0	451932	32615	18	18
(9, 4, 9)	2	0	53579	501140	18	18
(4, 10, 9)	2	0	436678	551129	23	23
(10, 4, 9)	2	0	857757	851490	42	42
(4, 11, 9)	1	0	342859	558407	28	27
(11, 4, 9)	2	0	832028	717760	29	29
(5, 6, 9)	2	0	474610	137925	21	21
(6, 5, 9)	1	0	146082	338107	20	19
(5, 7, 9)	2	0	374197	218225	20	20
(7, 5, 9)	2	0	746918	808288	47	47
(5, 8, 9)	2	0	637281	436530	21	21
(8, 5, 9)	1	0	229633	342428	17	16
(5, 9, 9)	1	0	470886	54756	19	18
(9, 5, 9)	2	0	238937	684228	36	36
(5, 10, 9)	0	0	994084	998904	110	110
(10, 5, 9)	1	0	413703	363337	14	13
(5, 11, 9)	1	0	440988	742947	21	20
(11, 5, 9)	1	0	224775	435956	11	10
(6, 7, 9)	1	0	137213	131723	18	17
(7, 6, 9)	2	0	675775	246702	41	41
(6, 8, 9)	1	0	238733	310334	20	19
(8, 6, 9)	2	0	332673	138363	22	22
(6, 9, 9)	1	0	264844	91067	25	24
(9, 6, 9)	2	0	29548	131270	18	18
(6, 10, 9)	1	0	215297	622094	26	25
(10, 6, 9)	2	0	671885	282208	23	23
(6, 11, 9)	1	0	112242	431557	21	20
(11, 6, 9)	1	0	405445	208607	23	22
(7, 8, 9)	2	0	465201	439743	38	38
(8, 7, 9)	1	0	217622	154105	15	14
(7, 9, 9)	1	0	270054	37180	23	22
(9, 7, 9)	1	0	45483	155850	21	20
(7, 10, 9)	1	0	220386	496765	20	19
(10, 7, 9)	1	0	611383	250680	21	20
(7, 11, 9)	1	0	385923	765428	30	29
(11, 7, 9)	2	0	443149	365067	25	25
(8, 9, 9)	2	0	327880	27198	20	20
(9, 8, 9)	2	0	140432	390173	23	23
(8, 10, 9)	2	0	366755	536536	20	20
(10, 8, 9)	1	0	790460	585286	30	29
(8, 11, 9)	2	0	410249	600790	24	24
(11, 8, 9)	2	0	954532	631988	47	47
(9, 10, 9)	2	0	45654	560887	18	18
(10, 9, 9)	1	0	700719	75704	25	24
(9, 11, 9)	1	0	47006	446569	23	22
(11, 9, 9)	2	0	706068	27758	24	24
(10, 11, 9)	1	0	496411	663416	20	19
(11, 10, 9)	2	0	673780	468228	20	20
(0, 1, 10)	0	0	984826	933427	110	110
(1, 0, 10)	2	0	937266	902045	49	49
(0, 2, 10)	1	0	454279	369805	24	23
(2, 0, 10)	2	0	345084	443624	23	23
(0, 3, 10)	1	0	416949	316959	23	22
(3, 0, 10)	2	0	688366	791862	41	41
(0, 4, 10)	1	0	397669	542378	20	19
(4, 0, 10)	2	0	580658	469141	27	27
(0, 5, 10)	1	0	358993	316586	17	16
(5, 0, 10)	2	0	851196	847601	38	38
(0, 6, 10)	1	0	447951	406772	22	21
(6, 0, 10)	0	0	984398	973417	110	110
(0, 7, 10)	1	0	315389	233773	20	19
(7, 0, 10)	2	0	379265	580234	28	28
(0, 8, 10)	1	0	387930	358290	21	20
(8, 0, 10)	2	0	520128	603241	29	29
(0, 9, 10)	1	0	404741	31006	21	20
(9, 0, 10)	2	0	98718	616615	32	32
(0, 10, 10)	1	0	476500	562615	21	20
(10, 0, 10)	2	0	827783	721147	31	31
(0, 11, 10)	1	0	417273	421945	23	22
(11, 0, 10)	2	0	846334	753929	38	38
(1, 2, 10)	2	0	894706	432050	30	30
(2, 1, 10)	2	0	632400	895385	33	33
(1, 3, 10)	0	0	952631	983944	110	110
(3, 1, 10)	2	0	898084	951931	52	52
(1, 4, 10)	1	0	749216	781060	31	30
(4, 1, 10)	2	0	654778	685434	24	24
(1, 5, 10)	1	0	524847	317205	18	17
(5, 1, 10)	2	0	371701	373471	18	18
(1, 6, 10)	1	0	810836	441728	26	25
(6, 1, 10)	0	0	962614	958362	110	110
(1, 7, 10)	1	0	776862	368149	28	27
(7, 1, 10)	2	0	632496	937281	47	47
(1, 8, 10)	1	0	599733	360599	21	20
(8, 1, 10)	2	0	564131	844550	33	33
(1, 9, 10)	1	0	619621	32236	20	19
(9, 1, 10)	2	0	90373	812172	29	29
(1, 10, 10)	1	0	701371	749543	33	32
(10, 1, 10)	2	0	504150	561747	20	20
(1, 11, 10)	1	0	757063	576693	24	23
(11, 1, 10)	2	0	903021	773971	36	36
(2, 3, 10)	2	0	472667	520880	36	36
(3, 2, 10)	2	0	808910	491461	45	45
(2, 4, 10)	0	0	988178	997881	110	110
(4, 2, 10)	2	0	772084	528682	31	31
(2, 5, 10)	2	0	183208	399266	19	19
(5, 2, 10)	1	0	365680	196723	16	15
(2, 6, 10)	2	0	651797	483151	29	29
(6, 2, 10)	1	0	294047	433124	24	23
(2, 7, 10)	1	0	184527	224021	24	23
(7, 2, 10)	2	0	271391	322265	24	24
(2, 8, 10)	1	0	451693	584020	32	31
(8, 2, 10)	2	0	542093	337940	32	32
(2, 9, 10)	1	0	563852	296204	44	43
(9, 2, 10)	2	0	195317	332456	23	23
(2, 10, 10)	2	0	234190	585465	18	18
(10, 2, 10)	2	0	484048	194089	22	22
(2, 11, 10)	1	0	563048	911697	42	41
(11, 2, 10)	2	0	313379	250717	29	29
(3, 4, 10)	1	0	112161	424660	14	13
(4, 3, 10)	2	0	599918	248714	25	25
(3, 5, 10)	2	0	818873	789330	45	45
(5, 3, 10)	2	0	574775	122949	20	20
(3, 6, 10)	2	0	800482	524780	43	43
(6, 3, 10)	2	0	668575	366277	33	33
(3, 7, 10)	1	0	116319	142424	16	15
(7, 3, 10)	2	0	525023	365631	32	32
(3, 8, 10)	1	0	476023	647153	32	31
(8, 3, 10)	2	0	544289	297483	32	32
(3, 9, 10)	1	0	178569	38665	20	19
(9, 3, 10)	2	0	51340	203396	19	19
(3, 10, 10)	1	0	429324	810828	30	29
(10, 3, 10)	2	0	643904	279266	22	22
(3, 11, 10)	1	0	229238	722252	20	19
(11, 3, 10)	2	0	934887	285399	34	34
(4, 5, 10)	1	0	761250	827694	34	33
(5, 4, 10)	1	0	295130	406542	17	16
(4, 6, 10)	2	0	590081	279698	23	23
(6, 4, 10)	1	0	106821	590008	18	17
(4, 7, 10)	2	0	660235	316808	26	26
(7, 4, 10)	1	0	451546	759887	33	32
(4, 8, 10)	2	0	801337	610831	33	33
(8, 4, 10)	1	0	207484	454107	16	15
(4, 9, 10)	1	0	431935	44365	13	12
(9, 4, 10)	2	0	93637	755139	28	28
(4, 10, 10)	2	0	937969	918341	43	43
(10, 4, 10)	1	0	367296	464729	14	13
(4, 11, 10)	2	0	551952	422226	20	20
(11, 4, 10)	1	0	224686	469836	14	13
(5, 6, 10)	2	0	483539	234484	17	17
(6, 5, 10)	1	0	102245	409364	19	18
(5, 7, 10)	2	0	488098	229169	19	19
(7, 5, 10)	2	0	264649	398233	22	22
(5, 8, 10)	1	0	505226	302329	20	19
(8, 5, 10)	1	0	386308	494860	23	22
(5, 9, 10)	2	0	379065	41027	17	17
(9, 5, 10)	2	0	130006	604954	26	26
(5, 10, 10)	2	0	718387	873577	26	26
(10, 5, 10)	1	0	794937	820323	33	32
(5, 11, 10)	2	0	562064	556611	18	18
(11, 5, 10)	1	0	424229	478066	21	20
(6, 7, 10)	1	0	106999	250646	21	20
(7, 6, 10)	2	0	486442	355247	42	42
(6, 8, 10)	1	0	127446	360678	21	20
(8, 6, 10)	2	0	678429	281901	36	36
(6, 9, 10)	1	0	109849	30583	22	21
(9, 6, 10)	2	0	185875	417335	27	27
(6, 10, 10)	1	0	109146	548671	23	22
(10, 6, 10)	2	0	766844	193833	31	31
(6, 11, 10)	1	0	310548	896920	32	31
(11, 6, 10)	2	0	932126	337376	41	41
(7, 8, 10)	2	0	375614	467202	26	26
(8, 7, 10)	1	0	223959	139003	18	17
(7, 9, 10)	1	0	294764	22827	21	20
(9, 7, 10)	2	0	85726	290188	26	26
(7, 10, 10)	2	0	426480	728930	27	27
(10, 7, 10)	1	0	445872	142133	18	17
(7, 11, 10)	1	0	358067	735220	25	24
(11, 7, 10)	1	0	299560	140409	16	15
(8, 9, 10)	1	0	308047	21952	19	18
(9, 8, 10)	2	0	57811	328247	22	22
(8, 10, 10)	2	0	572117	756330	33	33
(10, 8, 10)	1	0	604978	273328	18	17
(8, 11, 10)	1	0	901532	998346	62	61
(11, 8, 10)	1	0	661248	379957	31	30
(9, 10, 10)	0	0	999386	999074	110	110
(10, 9, 10)	1	0	528664	32357	15	14
(9, 11, 10)	2	0	56290	761738	38	38
(11, 9, 10)	1	0	389907	34137	22	21
(10, 11, 10)	1	0	679764	513221	25	24
(11, 10, 10)	1	0	373690	468441	23	22
(0, 1, 11)	0	0	948853	954013	110	110
(1, 0, 11)	0	0	959125	963407	110	110
(0, 2, 11)	1	0	548480	428005	28	27
(2, 0, 11)	2	0	473412	665818	27	27
(0, 3, 11)	1	0	524894	205332	29	28
(3, 0, 11)	2	0	726341	677655	34	34
(0, 4, 11)	1	0	525754	584967	23	22
(4, 0, 11)	2	0	580917	505519	24	24
(0, 5, 11)	1	0	604541	623199	31	30
(5, 0, 11)	2	0	744409	626048	27	27
(0, 6, 11)	1	0	722832	590548	32	31
(6, 0, 11)	2	0	488533	503610	23	23
(0, 7, 11)	1	0	611455	492043	33	32
(7, 0, 11)	2	0	373447	485405	26	26
(0, 8, 11)	1	0	565601	394239	22	21
(8, 0, 11)	2	0	547854	560818	28	28
(0, 9, 11)	1	0	385659	54296	21	20
(9, 0, 11)	2	0	119970	721907	30	30
(0, 10, 11)	1	0	499908	711903	29	28
(10, 0, 11)	2	0	503550	340387	19	19
(0, 11, 11)	1	0	779173	965023	37	36
(11, 0, 11)	2	0	761193	607886	31	31
(1, 2, 11)	2	0	629354	353304	24	24
(2, 1, 11)	2	0	708190	890805	38	38
(1, 3, 11)	1	0	636442	208962	31	30
(3, 1, 11)	2	0	740441	816319	41	41
(1, 4, 11)	1	0	593958	565022	23	22
(4, 1, 11)	2	0	729258	745954	25	25
(1, 5, 11)	1	0	619488	569296	20	19
(5, 1, 11)	2	0	642269	766971	31	31
(1, 6, 11)	0	0	961951	914394	110	110
(6, 1, 11)	1	0	248117	619890	16	15
(1, 7, 11)	1	0	648724	382615	31	30
(7, 1, 11)	2	0	430267	803894	27	27
(1, 8, 11)	1	0	692608	394225	21	20
(8, 1, 11)	2	0	533912	853241	31	31
(1, 9, 11)	1	0	534752	52311	21	20
(9, 1, 11)	2	0	45188	623955	24	24
(1, 10, 11)	1	0	626326	721718	27	26
(10, 1, 11)	2	0	627620	584690	24	24
(1, 11, 11)	1	0	834618	860103	33	32
(11, 1, 11)	2	0	664902	800529	31	31
(2, 3, 11)	2	0	712558	568164	39	39
(3, 2, 11)	1	0	223814	367612	21	20
(2, 4, 11)	0	0	998502	997684	110	110
(4, 2, 11)	2	0	797429	340143	28	28
(2, 5, 11)	1	0	491803	790038	35	34
(5, 2, 11)	2	0	865275	513180	30	30
(2, 6, 11)	2	0	678002	436780	31	31
(6, 2, 11)	2	0	295668	171048	20	20
(2, 7, 11)	1	0	383850	453906	31	30
(7, 2, 11)	2	0	383819	223444	29	29
(2, 8, 11)	1	0	436682	532194	27	26
(8, 2, 11)	2	0	560606	384923	27	27
(2, 9, 11)	1	0	227698	31203	21	20
(9, 2, 11)	2	0	69036	247012	22	22
(2, 10, 11)	1	0	379467	799927	34	33
(10, 2, 11)	2	0	574083	163247	24	24
(2, 11, 11)	1	0	490876	885568	29	28
(11, 2, 11)	2	0	654565	275381	26	26
(3, 4, 11)	0	0	973680	997529	110	110
(4, 3, 11)	2	0	537984	134441	19	19
(3, 5, 11)	1	0	333123	578858	24	23
(5, 3, 11)	0	0	995474	974509	110	110
(3, 6, 11)	2	0	881302	538881	48	48
(6, 3, 11)	1	0	271747	207130	32	31
(3, 7, 11)	2	0	831418	499125	45	45
(7, 3, 11)	2	0	498313	348822	33	33
(3, 8, 11)	1	0	160212	419425	22	21
(8, 3, 11)	2	0	532561	249795	28	28
(3, 9, 11)	1	0	457709	109148	30	29
(9, 3, 11)	1	0	75478	348414	31	30
(3, 10, 11)	1	0	131898	549854	21	20
(10, 3, 11)	2	0	529719	96310	19	19
(3, 11, 11)	1	0	243725	873126	28	27
(11, 3, 11)	2	0	660797	90586	18	18
(4, 5, 11)	2	0	936639	797545	46	46
(5, 4, 11)	2	0	845441	727331	28	28
(4, 6, 11)	2	0	573018	317299	28	28
(6, 4, 11)	1	0	350574	459675	21	20
(4, 7, 11)	2	0	723281	311595	24	24
(7, 4, 11)	1	0	224459	450681	18	17
(4, 8, 11)	1	0	567094	416746	24	23
(8, 4, 11)	2	0	197330	320925	21	21
(4, 9, 11)	2	0	707781	40698	21	21
(9, 4, 11)	2	0	106815	515680	31	31
(4, 10, 11)	1	0	746294	853802	29	28
(10, 4, 11)	2	0	255662	225913	18	18
(4, 11, 11)	1	0	780203	847125	35	34
(11, 4, 11)	2	0	907816	666288	29	29
(5, 6, 11)	2	0	754143	415101	33	33
(6, 5, 11)	1	0	333823	484920	26	25
(5, 7, 11)	2	0	722241	354937	24	24
(7, 5, 11)	1	0	224937	341653	17	16
(5, 8, 11)	1	0	591479	480411	25	24
(8, 5, 11)	2	0	776289	740485	40	40
(5, 9, 11)	1	0	502290	71664	22	21
(9, 5, 11)	2	0	135171	384331	22	22
(5, 10, 11)	1	0	706895	896239	40	39
(10, 5, 11)	0	0	999505	996449	110	110
(5, 11, 11)	1	0	644227	865615	29	28
(11, 5, 11)	2	0	925581	755285	42	42
(6, 7, 11)	1	0	604031	611414	48	47
(7, 6, 11)	2	0	445451	224747	33	33
(6, 8, 11)	1	0	176843	471199	26	25
(8, 6, 11)	2	0	765863	370418	37	37
(6, 9, 11)	1	0	302315	51000	24	23
(9, 6, 11)	2	0	617206	531679	57	57
(6, 10, 11)	1	0	179088	613405	25	24
(10, 6, 11)	2	0	554374	174406	22	22
(6, 11, 11)	1	0	556553	975990	42	41
(11, 6, 11)	2	0	883854	276044	36	36
(7, 8, 11)	2	0	397591	434417	29	29
(8, 7, 11)	1	0	544690	512857	36	35
(7, 9, 11)	1	0	382107	39150	23	22
(9, 7, 11)	1	0	17272	119779	12	11
(7, 10, 11)	1	0	365950	641125	25	24
(10, 7, 11)	2	0	505151	151954	19	19
(7, 11, 11)	2	0	489373	751776	26	26
(11, 7, 11)	1	0	565449	413148	31	30
(8, 9, 11)	1	0	379308	82916	24	23
(9, 8, 11)	1	0	25355	289140	19	18
(8, 10, 11)	1	0	600948	881513	36	35
(10, 8, 11)	2	0	531656	282571	19	19
(8, 11, 11)	1	0	547258	860751	31	30
(11, 8, 11)	2	0	498968	243877	17	17
(9, 10, 11)	2	0	66558	640249	22	22
(10, 9, 11)	2	0	465650	38075	18	18
(9, 11, 11)	1	0	86011	862791	37	36
(11, 9, 11)	1	0	452876	29860	21	20
(10, 11, 11)	2	0	569238	601168	19	19
(11, 10, 11)	2	0	962454	752958	40	40
